% -------------------------------------------------------------------
%  Generated by MATLAB on 30-Jan-2026 21:46:15
%  MATLAB version: 25.2.0.3055257 (R2025b) Update 2
% -------------------------------------------------------------------
                                         

A = ...
  [1 2 3;
   4 5 6;
   7 8 9];

B = ...
  [10 11 12;
   13 14 15;
   16 17 18];

columnVector = [6; 7; 8; 9; 10];

horizontalConcat = [1 2 3 4 5 6 7 8 9 10];

identityMatrix = ...
  [1 0 0;
   0 1 0;
   0 0 1];

matrixProduct = ...
  [1 2 3;
   4 5 6;
   7 8 9];

matrixSum = ...
  [11 13 15;
   17 19 21;
   23 25 27];

originalMatrix = ...
  [1 2;
   3 4];

repeatedMatrix = ...
  [1 2 1 2;
   3 4 3 4;
   1 2 1 2;
   3 4 3 4];

rowVector = [1 2 3 4 5];

