% -------------------------------------------------------------------
%  Generated by MATLAB on 30-Jan-2026 23:57:20
%  MATLAB version: 25.2.0.3055257 (R2025b) Update 2
% -------------------------------------------------------------------
                                         

A = ...
  [1 2 3;
   4 5 6;
   7 8 9];

B = ...
  [10 11 12;
   13 14 15;
   16 17 18];

ans = 'double';

columnVector = [6; 7; 8; 9; 10];

combinedMatrix = ...
  [1 0 0;
   0 1 0;
   0 0 1;
   1 3 0;
   4 2 0];

combinedVector = ...
  [2 2;
   4 3;
   6 5;
   8 7;
   10 11];

doubleVar = 3.65;

evenNumbers = [2 4 6 8 10];

horizontalConcat = [1 2 3 4 5 6 7 8 9 10];

identityMatrix = ...
  [1 0 0;
   0 1 0;
   0 0 1];

intVar = 'a';

magicSquare = ...
  [1 3;
   4 2];

magicSquarePadded = ...
  [1 3 0;
   4 2 0];

matrixProduct = ...
  [1 2 3;
   4 5 6;
   7 8 9];

matrixSum = ...
  [11 13 15;
   17 19 21;
   23 25 27];

originalMatrix = ...
  [1 2;
   3 4];

primeNumbers = [2; 3; 5; 7; 11];

repeatedMatrix = ...
  [1 2 1 2;
   3 4 3 4;
   1 2 1 2;
   3 4 3 4];

rowVector = [1 2 3 4 5];

